At time 1699204770.863111813
- Translation: [0.000, 0.000, 0.000]
- Rotation: in Quaternion [0.000, 0.000, -0.707, 0.707]
- Rotation: in RPY (radian) [0.000, 0.000, -1.571]
- Rotation: in RPY (degree) [0.000, 0.000, -89.998]
- Matrix:
  0.000  1.000  0.000  0.000
 -1.000  0.000 -0.000  0.000
 -0.000  0.000  1.000  0.000
  0.000  0.000  0.000  1.000
At time 1699204771.870217354
- Translation: [0.000, 0.000, 0.000]
- Rotation: in Quaternion [0.000, 0.000, -0.707, 0.707]
- Rotation: in RPY (radian) [0.000, 0.000, -1.571]
- Rotation: in RPY (degree) [0.000, 0.000, -89.998]
- Matrix:
  0.000  1.000  0.000  0.000
 -1.000  0.000 -0.000  0.000
 -0.000  0.000  1.000  0.000
  0.000  0.000  0.000  1.000
At time 1699204772.863422696
- Translation: [0.000, 0.000, 0.000]
- Rotation: in Quaternion [0.000, 0.000, -0.707, 0.707]
- Rotation: in RPY (radian) [0.000, 0.000, -1.571]
- Rotation: in RPY (degree) [0.000, 0.000, -89.998]
- Matrix:
  0.000  1.000  0.000  0.000
 -1.000  0.000 -0.000  0.000
 -0.000  0.000  1.000  0.000
  0.000  0.000  0.000  1.000
At time 1699204773.871030372
- Translation: [0.000, 0.000, 0.000]
- Rotation: in Quaternion [0.000, 0.000, -0.707, 0.707]
- Rotation: in RPY (radian) [0.000, 0.000, -1.571]
- Rotation: in RPY (degree) [0.000, 0.000, -89.998]
- Matrix:
  0.000  1.000  0.000  0.000
 -1.000  0.000 -0.000  0.000
 -0.000  0.000  1.000  0.000
  0.000  0.000  0.000  1.000
At time 1699204774.862998704
- Translation: [0.000, 0.000, 0.000]
- Rotation: in Quaternion [0.000, 0.000, -0.707, 0.707]
- Rotation: in RPY (radian) [0.000, 0.000, -1.571]
- Rotation: in RPY (degree) [0.000, 0.000, -89.998]
- Matrix:
  0.000  1.000  0.000  0.000
 -1.000  0.000 -0.000  0.000
 -0.000  0.000  1.000  0.000
  0.000  0.000  0.000  1.000
At time 1699204775.870556445
- Translation: [0.431, -1.287, 0.000]
- Rotation: in Quaternion [0.000, 0.000, -0.552, 0.834]
- Rotation: in RPY (radian) [0.000, 0.000, -1.169]
- Rotation: in RPY (degree) [0.000, 0.000, -66.959]
- Matrix:
  0.391  0.920  0.000  0.431
 -0.920  0.391 -0.000 -1.287
 -0.000  0.000  1.000  0.000
  0.000  0.000  0.000  1.000
At time 1699204776.863177213
- Translation: [2.676, -0.172, 0.000]
- Rotation: in Quaternion [0.000, 0.000, 0.017, 1.000]
- Rotation: in RPY (radian) [0.000, -0.000, 0.035]
- Rotation: in RPY (degree) [0.000, -0.000, 1.979]
- Matrix:
  0.999 -0.035  0.000  2.676
  0.035  0.999  0.000 -0.172
  0.000  0.000  1.000  0.000
  0.000  0.000  0.000  1.000
At time 1699204777.870399270
- Translation: [1.483, -0.015, 0.000]
- Rotation: in Quaternion [0.000, 0.000, 0.614, 0.789]
- Rotation: in RPY (radian) [0.000, -0.000, 1.322]
- Rotation: in RPY (degree) [0.000, -0.000, 75.769]
- Matrix:
  0.246 -0.969  0.000  1.483
  0.969  0.246  0.000 -0.015
  0.000  0.000  1.000  0.000
  0.000  0.000  0.000  1.000
At time 1699204778.862519933
- Translation: [0.742, -0.004, 0.000]
- Rotation: in Quaternion [0.000, 0.000, 0.875, 0.483]
- Rotation: in RPY (radian) [0.000, -0.000, 2.133]
- Rotation: in RPY (degree) [0.000, -0.000, 122.195]
- Matrix:
 -0.533 -0.846  0.000  0.742
  0.846 -0.533  0.000 -0.004
  0.000  0.000  1.000  0.000
  0.000  0.000  0.000  1.000
At time 1699204779.871119092
- Translation: [0.371, -0.001, 0.000]
- Rotation: in Quaternion [0.000, 0.000, 0.698, 0.716]
- Rotation: in RPY (radian) [0.000, -0.000, 1.546]
- Rotation: in RPY (degree) [0.000, -0.000, 88.566]
- Matrix:
  0.025 -1.000  0.000  0.371
  1.000  0.025  0.000 -0.001
  0.000  0.000  1.000  0.000
  0.000  0.000  0.000  1.000
At time 1699204780.863324915
- Translation: [0.185, -0.000, 0.000]
- Rotation: in Quaternion [0.000, 0.000, 0.849, 0.528]
- Rotation: in RPY (radian) [0.000, -0.000, 2.028]
- Rotation: in RPY (degree) [0.000, -0.000, 116.210]
- Matrix:
 -0.442 -0.897  0.000  0.185
  0.897 -0.442  0.000 -0.000
  0.000  0.000  1.000  0.000
  0.000  0.000  0.000  1.000
At time 1699204781.870671032
- Translation: [0.093, -0.000, 0.000]
- Rotation: in Quaternion [0.000, 0.000, 0.892, 0.451]
- Rotation: in RPY (radian) [0.000, -0.000, 2.205]
- Rotation: in RPY (degree) [0.000, -0.000, 126.365]
- Matrix:
 -0.593 -0.805  0.000  0.093
  0.805 -0.593  0.000 -0.000
  0.000  0.000  1.000  0.000
  0.000  0.000  0.000  1.000
At time 1699204782.863007104
- Translation: [0.046, -0.000, 0.000]
- Rotation: in Quaternion [0.000, 0.000, 1.000, -0.028]
- Rotation: in RPY (radian) [0.000, -0.000, -3.085]
- Rotation: in RPY (degree) [0.000, -0.000, -176.764]
- Matrix:
 -0.998  0.056  0.000  0.046
 -0.056 -0.998  0.000 -0.000
  0.000  0.000  1.000  0.000
  0.000  0.000  0.000  1.000
At time 1699204783.871387858
- Translation: [0.023, -0.000, 0.000]
- Rotation: in Quaternion [0.000, 0.000, -0.862, 0.508]
- Rotation: in RPY (radian) [0.000, 0.000, -2.077]
- Rotation: in RPY (degree) [0.000, 0.000, -118.992]
- Matrix:
 -0.485  0.875  0.000  0.023
 -0.875 -0.485 -0.000 -0.000
 -0.000  0.000  1.000  0.000
  0.000  0.000  0.000  1.000
At time 1699204784.862659809
- Translation: [0.012, -0.000, 0.000]
- Rotation: in Quaternion [0.000, 0.000, -0.664, 0.748]
- Rotation: in RPY (radian) [0.000, 0.000, -1.453]
- Rotation: in RPY (degree) [0.000, 0.000, -83.231]
- Matrix:
  0.118  0.993  0.000  0.012
 -0.993  0.118 -0.000 -0.000
 -0.000  0.000  1.000  0.000
  0.000  0.000  0.000  1.000
At time 1699204785.870456597
- Translation: [0.006, -0.000, 0.000]
- Rotation: in Quaternion [0.000, 0.000, -0.664, 0.748]
- Rotation: in RPY (radian) [0.000, 0.000, -1.453]
- Rotation: in RPY (degree) [0.000, 0.000, -83.228]
- Matrix:
  0.118  0.993  0.000  0.006
 -0.993  0.118 -0.000 -0.000
 -0.000  0.000  1.000  0.000
  0.000  0.000  0.000  1.000
At time 1699204786.863314830
- Translation: [0.003, -0.000, 0.000]
- Rotation: in Quaternion [0.000, 0.000, -0.664, 0.748]
- Rotation: in RPY (radian) [0.000, 0.000, -1.453]
- Rotation: in RPY (degree) [0.000, 0.000, -83.227]
- Matrix:
  0.118  0.993  0.000  0.003
 -0.993  0.118 -0.000 -0.000
 -0.000  0.000  1.000  0.000
  0.000  0.000  0.000  1.000
At time 1699204787.871112063
- Translation: [0.001, -0.000, 0.000]
- Rotation: in Quaternion [0.000, 0.000, -0.664, 0.748]
- Rotation: in RPY (radian) [0.000, 0.000, -1.453]
- Rotation: in RPY (degree) [0.000, 0.000, -83.227]
- Matrix:
  0.118  0.993  0.000  0.001
 -0.993  0.118 -0.000 -0.000
 -0.000  0.000  1.000  0.000
  0.000  0.000  0.000  1.000
At time 1699204788.862519866
- Translation: [0.016, -0.127, 0.000]
- Rotation: in Quaternion [0.000, 0.000, -0.664, 0.748]
- Rotation: in RPY (radian) [0.000, 0.000, -1.453]
- Rotation: in RPY (degree) [0.000, 0.000, -83.223]
- Matrix:
  0.118  0.993  0.000  0.016
 -0.993  0.118 -0.000 -0.127
 -0.000  0.000  1.000  0.000
  0.000  0.000  0.000  1.000
At time 1699204789.871015566
- Translation: [0.745, -1.815, 0.000]
- Rotation: in Quaternion [0.000, 0.000, -0.514, 0.857]
- Rotation: in RPY (radian) [0.000, 0.000, -1.081]
- Rotation: in RPY (degree) [0.000, 0.000, -61.928]
- Matrix:
  0.471  0.882  0.000  0.745
 -0.882  0.471 -0.000 -1.815
 -0.000  0.000  1.000  0.000
  0.000  0.000  0.000  1.000
At time 1699204790.862598071
- Translation: [1.300, -0.368, 0.000]
- Rotation: in Quaternion [0.000, 0.000, 0.043, 0.999]
- Rotation: in RPY (radian) [0.000, -0.000, 0.087]
- Rotation: in RPY (degree) [0.000, -0.000, 4.979]
- Matrix:
  0.996 -0.087  0.000  1.300
  0.087  0.996  0.000 -0.368
  0.000  0.000  1.000  0.000
  0.000  0.000  0.000  1.000
At time 1699204791.871070382
- Translation: [0.684, -0.090, 0.000]
- Rotation: in Quaternion [0.000, 0.000, 0.180, 0.984]
- Rotation: in RPY (radian) [0.000, -0.000, 0.362]
- Rotation: in RPY (degree) [0.000, -0.000, 20.752]
- Matrix:
  0.935 -0.354  0.000  0.684
  0.354  0.935  0.000 -0.090
  0.000  0.000  1.000  0.000
  0.000  0.000  0.000  1.000
At time 1699204792.862745973
- Translation: [0.346, -0.022, 0.000]
- Rotation: in Quaternion [0.000, 0.000, 0.244, 0.970]
- Rotation: in RPY (radian) [0.000, -0.000, 0.493]
- Rotation: in RPY (degree) [0.000, -0.000, 28.260]
- Matrix:
  0.881 -0.473  0.000  0.346
  0.473  0.881  0.000 -0.022
  0.000  0.000  1.000  0.000
  0.000  0.000  0.000  1.000
At time 1699204793.871053545
- Translation: [0.174, -0.005, 0.000]
- Rotation: in Quaternion [0.000, 0.000, 0.275, 0.961]
- Rotation: in RPY (radian) [0.000, -0.000, 0.557]
- Rotation: in RPY (degree) [0.000, -0.000, 31.940]
- Matrix:
  0.849 -0.529  0.000  0.174
  0.529  0.849  0.000 -0.005
  0.000  0.000  1.000  0.000
  0.000  0.000  0.000  1.000
At time 1699204794.862704334
- Translation: [0.087, -0.001, 0.000]
- Rotation: in Quaternion [0.000, 0.000, 0.197, 0.980]
- Rotation: in RPY (radian) [0.000, -0.000, 0.397]
- Rotation: in RPY (degree) [0.000, -0.000, 22.741]
- Matrix:
  0.922 -0.387  0.000  0.087
  0.387  0.922  0.000 -0.001
  0.000  0.000  1.000  0.000
  0.000  0.000  0.000  1.000
At time 1699204795.870686335
- Translation: [1.000, -0.067, 0.000]
- Rotation: in Quaternion [0.000, 0.000, -0.033, 0.999]
- Rotation: in RPY (radian) [0.000, 0.000, -0.066]
- Rotation: in RPY (degree) [0.000, 0.000, -3.758]
- Matrix:
  0.998  0.066  0.000  1.000
 -0.066  0.998 -0.000 -0.067
 -0.000  0.000  1.000  0.000
  0.000  0.000  0.000  1.000
At time 1699204796.862251047
- Translation: [1.569, -0.015, 0.000]
- Rotation: in Quaternion [0.000, 0.000, -0.002, 1.000]
- Rotation: in RPY (radian) [0.000, 0.000, -0.003]
- Rotation: in RPY (degree) [0.000, 0.000, -0.200]
- Matrix:
  1.000  0.003  0.000  1.569
 -0.003  1.000 -0.000 -0.015
 -0.000  0.000  1.000  0.000
  0.000  0.000  0.000  1.000
At time 1699204797.870232040
- Translation: [0.953, -0.094, 0.000]
- Rotation: in Quaternion [0.000, 0.000, -0.242, 0.970]
- Rotation: in RPY (radian) [0.000, 0.000, -0.490]
- Rotation: in RPY (degree) [0.000, 0.000, -28.053]
- Matrix:
  0.883  0.470  0.000  0.953
 -0.470  0.883 -0.000 -0.094
 -0.000  0.000  1.000  0.000
  0.000  0.000  0.000  1.000
At time 1699204798.862651674
- Translation: [1.577, -0.538, 0.000]
- Rotation: in Quaternion [0.000, 0.000, -0.365, 0.931]
- Rotation: in RPY (radian) [0.000, 0.000, -0.747]
- Rotation: in RPY (degree) [0.000, 0.000, -42.826]
- Matrix:
  0.733  0.680  0.000  1.577
 -0.680  0.733 -0.000 -0.538
 -0.000  0.000  1.000  0.000
  0.000  0.000  0.000  1.000
At time 1699204799.871175717
- Translation: [2.054, -0.789, 0.000]
- Rotation: in Quaternion [0.000, 0.000, -0.313, 0.950]
- Rotation: in RPY (radian) [0.000, 0.000, -0.637]
- Rotation: in RPY (degree) [0.000, 0.000, -36.484]
- Matrix:
  0.804  0.595  0.000  2.054
 -0.595  0.804 -0.000 -0.789
 -0.000  0.000  1.000  0.000
  0.000  0.000  0.000  1.000
At time 1699204800.862636638
- Translation: [1.958, -0.715, 0.000]
- Rotation: in Quaternion [0.000, 0.000, -0.409, 0.913]
- Rotation: in RPY (radian) [0.000, 0.000, -0.842]
- Rotation: in RPY (degree) [0.000, 0.000, -48.270]
- Matrix:
  0.666  0.746  0.000  1.958
 -0.746  0.666 -0.000 -0.715
 -0.000  0.000  1.000  0.000
  0.000  0.000  0.000  1.000
At time 1699204801.870793251
- Translation: [1.818, -0.685, 0.000]
- Rotation: in Quaternion [0.000, 0.000, -0.473, 0.881]
- Rotation: in RPY (radian) [0.000, 0.000, -0.985]
- Rotation: in RPY (degree) [0.000, 0.000, -56.463]
- Matrix:
  0.552  0.834  0.000  1.818
 -0.834  0.552 -0.000 -0.685
 -0.000  0.000  1.000  0.000
  0.000  0.000  0.000  1.000
At time 1699204802.862862923
- Translation: [1.954, -1.041, 0.000]
- Rotation: in Quaternion [0.000, 0.000, -0.427, 0.904]
- Rotation: in RPY (radian) [0.000, 0.000, -0.881]
- Rotation: in RPY (degree) [0.000, 0.000, -50.494]
- Matrix:
  0.636  0.772  0.000  1.954
 -0.772  0.636 -0.000 -1.041
 -0.000  0.000  1.000  0.000
  0.000  0.000  0.000  1.000
At time 1699204803.871276872
- Translation: [1.640, -0.639, 0.000]
- Rotation: in Quaternion [0.000, 0.000, -0.340, 0.940]
- Rotation: in RPY (radian) [0.000, 0.000, -0.695]
- Rotation: in RPY (degree) [0.000, 0.000, -39.797]
- Matrix:
  0.768  0.640  0.000  1.640
 -0.640  0.768 -0.000 -0.639
 -0.000  0.000  1.000  0.000
  0.000  0.000  0.000  1.000
At time 1699204804.862876358
- Translation: [2.255, -0.798, 0.000]
- Rotation: in Quaternion [0.000, 0.000, -0.317, 0.948]
- Rotation: in RPY (radian) [0.000, 0.000, -0.646]
- Rotation: in RPY (degree) [0.000, 0.000, -36.996]
- Matrix:
  0.799  0.602  0.000  2.255
 -0.602  0.799 -0.000 -0.798
 -0.000  0.000  1.000  0.000
  0.000  0.000  0.000  1.000
At time 1699204805.870985903
- Translation: [1.975, -0.693, 0.000]
- Rotation: in Quaternion [0.000, 0.000, -0.385, 0.923]
- Rotation: in RPY (radian) [0.000, 0.000, -0.791]
- Rotation: in RPY (degree) [0.000, 0.000, -45.310]
- Matrix:
  0.703  0.711  0.000  1.975
 -0.711  0.703 -0.000 -0.693
 -0.000  0.000  1.000  0.000
  0.000  0.000  0.000  1.000
At time 1699204806.863069608
- Translation: [1.528, -0.545, 0.000]
- Rotation: in Quaternion [0.000, 0.000, -0.489, 0.872]
- Rotation: in RPY (radian) [0.000, 0.000, -1.021]
- Rotation: in RPY (degree) [0.000, 0.000, -58.503]
- Matrix:
  0.522  0.853  0.000  1.528
 -0.853  0.522 -0.000 -0.545
 -0.000  0.000  1.000  0.000
  0.000  0.000  0.000  1.000
At time 1699204807.871386687
- Translation: [1.398, -0.306, 0.000]
- Rotation: in Quaternion [0.000, 0.000, -0.145, 0.989]
- Rotation: in RPY (radian) [0.000, 0.000, -0.292]
- Rotation: in RPY (degree) [0.000, 0.000, -16.704]
- Matrix:
  0.958  0.287  0.000  1.398
 -0.287  0.958 -0.000 -0.306
 -0.000  0.000  1.000  0.000
  0.000  0.000  0.000  1.000
At time 1699204808.862703622
- Translation: [1.885, -0.003, 0.000]
- Rotation: in Quaternion [0.000, 0.000, 0.159, 0.987]
- Rotation: in RPY (radian) [0.000, -0.000, 0.320]
- Rotation: in RPY (degree) [0.000, -0.000, 18.351]
- Matrix:
  0.949 -0.315  0.000  1.885
  0.315  0.949  0.000 -0.003
  0.000  0.000  1.000  0.000
  0.000  0.000  0.000  1.000
At time 1699204809.870757891
- Translation: [1.990, 0.752, 0.000]
- Rotation: in Quaternion [0.000, 0.000, 0.320, 0.947]
- Rotation: in RPY (radian) [0.000, -0.000, 0.651]
- Rotation: in RPY (degree) [0.000, -0.000, 37.312]
- Matrix:
  0.795 -0.606  0.000  1.990
  0.606  0.795  0.000  0.752
  0.000  0.000  1.000  0.000
  0.000  0.000  0.000  1.000
At time 1699204810.862451313
- Translation: [1.865, 0.502, 0.000]
- Rotation: in Quaternion [0.000, 0.000, 0.171, 0.985]
- Rotation: in RPY (radian) [0.000, -0.000, 0.344]
- Rotation: in RPY (degree) [0.000, -0.000, 19.704]
- Matrix:
  0.941 -0.337  0.000  1.865
  0.337  0.941  0.000  0.502
  0.000  0.000  1.000  0.000
  0.000  0.000  0.000  1.000
At time 1699204811.870478155
- Translation: [0.977, 0.124, 0.000]
- Rotation: in Quaternion [0.000, 0.000, 0.041, 0.999]
- Rotation: in RPY (radian) [0.000, -0.000, 0.081]
- Rotation: in RPY (degree) [0.000, -0.000, 4.663]
- Matrix:
  0.997 -0.081  0.000  0.977
  0.081  0.997  0.000  0.124
  0.000  0.000  1.000  0.000
  0.000  0.000  0.000  1.000
At time 1699204812.863071995
- Translation: [0.494, 0.030, 0.000]
- Rotation: in Quaternion [0.000, 0.000, -0.022, 1.000]
- Rotation: in RPY (radian) [0.000, 0.000, -0.044]
- Rotation: in RPY (degree) [0.000, 0.000, -2.533]
- Matrix:
  0.999  0.044  0.000  0.494
 -0.044  0.999 -0.000  0.030
 -0.000  0.000  1.000  0.000
  0.000  0.000  0.000  1.000
At time 1699204813.870625078
- Translation: [0.248, 0.007, 0.000]
- Rotation: in Quaternion [0.000, 0.000, -0.053, 0.999]
- Rotation: in RPY (radian) [0.000, 0.000, -0.106]
- Rotation: in RPY (degree) [0.000, 0.000, -6.061]
- Matrix:
  0.994  0.106  0.000  0.248
 -0.106  0.994 -0.000  0.007
 -0.000  0.000  1.000  0.000
  0.000  0.000  0.000  1.000
At time 1699204814.863155631
- Translation: [0.124, 0.002, 0.000]
- Rotation: in Quaternion [0.000, 0.000, -0.068, 0.998]
- Rotation: in RPY (radian) [0.000, 0.000, -0.136]
- Rotation: in RPY (degree) [0.000, 0.000, -7.789]
- Matrix:
  0.991  0.136  0.000  0.124
 -0.136  0.991 -0.000  0.002
 -0.000  0.000  1.000  0.000
  0.000  0.000  0.000  1.000
At time 1699204815.871539082
- Translation: [0.062, 0.000, 0.000]
- Rotation: in Quaternion [0.000, 0.000, -0.075, 0.997]
- Rotation: in RPY (radian) [0.000, 0.000, -0.151]
- Rotation: in RPY (degree) [0.000, 0.000, -8.642]
- Matrix:
  0.989  0.150  0.000  0.062
 -0.150  0.989 -0.000  0.000
 -0.000  0.000  1.000  0.000
  0.000  0.000  0.000  1.000
